log10..NII..Ha. log10.EW.Ha.. WHAN_Class
-0.51269  1.62579  1.00000
-0.20988  1.08629  2.00000
-0.40213  0.90773  1.00000
 0.43873 -0.35655  4.00000
-0.51576  1.55152  1.00000
 0.44730 -0.58670  4.00000
 0.00000  0.00000  0.00000
-0.27029  1.46575  2.00000
-0.45477  1.56207  1.00000
 0.00000  0.00000  0.00000
-0.37857  1.90586  2.00000
 0.01467  0.04766  4.00000
-0.35412  1.60804  2.00000
-0.34684  1.53154  2.00000
-0.36658  1.15878  2.00000
-0.33759  1.26717  2.00000
-0.45027  1.56820  1.00000
-0.42699  1.44595  1.00000
-0.07004  0.99704  2.00000
-0.29900  1.33602  2.00000
-0.36912  1.51156  2.00000
-0.38937  1.79518  2.00000
-0.65939  1.26907  1.00000
-0.41779  1.03475  1.00000
-0.39065  0.34282  4.00000
-0.38682  1.48731  2.00000
-0.32983  1.62994  2.00000
-0.32294  1.67981  2.00000
-0.49160  1.62046  1.00000
-0.20957  0.33385  4.00000
 0.00000  0.00000  0.00000
-0.53742  1.51044  1.00000
-0.03324  0.88694  2.00000
-0.40797  0.68646  1.00000
-0.55998  1.61138  1.00000
-0.40948  1.46450  1.00000
 0.00000  0.00000  0.00000
 0.29624 -0.28233  4.00000
-0.19634  0.08778  4.00000
-1.10473  1.53737  1.00000
-0.01496 -0.19382  4.00000
-0.49621  1.60622  1.00000
-0.57529  1.74036  1.00000
-0.19962  0.59945  3.00000
-0.24658  0.82367  2.00000
-0.14093  1.29431  2.00000
-0.25693  1.48856  2.00000
-0.36455  1.27754  2.00000
 0.00000  0.00000  0.00000
-0.38830  1.27793  2.00000
 0.09160  1.11424  2.00000
-0.06825  0.59439  3.00000
-0.04016  0.25164  4.00000
-0.12271  0.39585  4.00000
-0.18855  0.74772  3.00000
-0.45027  1.60116  1.00000
-0.10021 -0.25415  0.00000
-0.58874  1.50308  1.00000
-0.36629  1.38876  2.00000
-0.44604  1.57546  1.00000
 0.05766  0.40909  4.00000
-0.45161  1.72673  1.00000
-0.48307  1.73316  1.00000
-0.37379  1.04638  2.00000
-0.43016  1.42387  1.00000
-0.57317  1.77574  1.00000
-0.47181  1.75951  1.00000
-0.50172  1.68375  1.00000
-0.42342  1.20501  1.00000
 0.00000  0.00000  0.00000
-0.31003  1.22791  2.00000
 0.02068  0.38039  4.00000
-0.49656  1.69807  1.00000
-0.34007  1.03747  2.00000
-0.09445  0.57078  3.00000
-0.16171  0.07151  4.00000
-0.45018  1.40446  1.00000
-0.46386  1.77971  1.00000
-0.32750  1.49453  2.00000
-0.36841  1.56215  2.00000
-0.38195  1.72468  2.00000
-0.62425  1.41152  1.00000
-0.48077  1.55763  1.00000
-0.43263  1.71824  1.00000
-0.37409  1.70278  2.00000
-0.38629  1.39610  2.00000
-0.68944 -0.11014  0.00000
-0.49478  1.67536  1.00000
-0.45058  1.64461  1.00000
-0.21789  0.91656  2.00000
 0.04974  0.17202  4.00000
-0.37269  1.50058  2.00000
-0.74907  2.00746  1.00000
-0.33627  1.32656  2.00000
-0.39198  1.53324  2.00000
-0.61888  1.62402  1.00000
-0.29775  1.51093  2.00000
-0.42144  1.36061  1.00000
-0.36743  1.57944  2.00000
-0.30962  1.16507  2.00000
-0.05643  0.31450  4.00000
-0.45499  1.46288  1.00000
-0.00513  0.99756  2.00000
-0.36056  1.13678  2.00000
-0.36108  1.50241  2.00000
-0.46401  1.61266  1.00000
-0.35103  1.47950  2.00000
 0.13396 -0.41454  4.00000
-0.34184  1.60891  2.00000
-0.29784 -0.49485  0.00000
-0.32784  1.73420  2.00000
-0.33765  1.55066  2.00000
-0.31646  1.53334  2.00000
-0.44984  1.16735  1.00000
-0.33914  0.53517  3.00000
-0.28170  0.42259  4.00000
-0.28075  0.44389  4.00000
-0.21293  0.70935  3.00000
-0.44102  1.60204  1.00000
-0.50162  1.22230  1.00000
-0.45713  1.38707  1.00000
-0.46223  1.68001  1.00000
-0.36474  1.61739  2.00000
-0.38611  1.67421  2.00000
-0.54256  1.60209  1.00000
-0.78853  2.02581  1.00000
-0.30807  1.19731  2.00000
 0.00000  0.00000  0.00000
-0.58448  1.81973  1.00000
-0.34850  1.42571  2.00000
-0.22836  0.03262  4.00000
-0.26820  0.96969  2.00000
-0.09937 -0.14327  4.00000
-0.38432  1.50854  2.00000
-0.52979  1.00052  1.00000
-0.35673  0.98005  2.00000
 0.00000  0.00000  0.00000
-0.28000  1.42162  2.00000
-0.66833 -0.00393  4.00000
-0.24330  0.34439  4.00000
-0.41981  1.59262  1.00000
-0.50476  1.54342  1.00000
-0.29971  0.49052  3.00000
-0.34008  1.28787  2.00000
-0.39670  0.23830  4.00000
-0.53519  1.73383  1.00000
-0.11578  0.73231  3.00000
-0.36464  1.61164  2.00000
-0.21535  0.07372  4.00000
 0.07734  0.08422  4.00000
-0.43913  0.56205  1.00000
-0.31519  0.60239  3.00000
 0.00000  0.00000  0.00000
 0.13900  0.59835  3.00000
-0.44904  1.60092  1.00000
-0.38482  1.50825  2.00000
-0.26919  0.08884  4.00000
-0.55605  1.73118  1.00000
 0.00000  0.00000  0.00000
-0.39172  0.76328  3.00000
 0.00000  0.00000  0.00000
-0.46822  1.61381  1.00000
-0.47961  1.57379  1.00000
-0.45540  1.51651  1.00000
-0.28578  1.09139  2.00000
-0.20389 -0.23732  4.00000
-0.48143  0.60314  1.00000
-0.38341  1.53871  2.00000
-0.21893  0.73014  3.00000
 0.00000  0.00000  0.00000
-0.35001  1.70467  2.00000
 0.00000  0.00000  0.00000
-0.46038  1.69931  1.00000
-0.41657  1.36708  1.00000
-0.38066  1.19791  2.00000
-0.05991  0.79886  2.00000
-0.27875  0.65849  3.00000
-0.12489 -0.34103  4.00000
-0.09915  0.24105  4.00000
-0.59877  1.74029  1.00000
 0.00000  0.00000  0.00000
-0.41188  1.68159  1.00000
-0.31757  0.88144  2.00000
-0.20188  0.49429  3.00000
-0.12440  0.20710  4.00000
-0.42683 -0.36856  0.00000
 0.00000  0.00000  0.00000
 0.11649 -0.32514  4.00000
-0.83378  1.69366  1.00000
-0.31732  1.18121  2.00000
-0.00955  0.48728  3.00000
 0.00000  0.00000  0.00000
-0.09747  0.27715  4.00000
-0.25033  1.21783  2.00000
-0.38632  1.32926  2.00000
-0.20570 -0.15490  4.00000
 0.04341  0.13065  4.00000
-0.61438  1.67092  1.00000
-0.55264  1.54139  1.00000
-0.44251  0.82184  1.00000
-0.46531  1.39078  1.00000
-0.62450  1.75794  1.00000
-0.48668  1.22781  1.00000
-0.29059 -0.09474  0.00000
 0.00000  0.00000  0.00000
-0.43593  1.60243  1.00000
-0.41409  1.73493  1.00000
-0.61632  1.65111  1.00000
 0.18872  0.25115  4.00000
-0.85501  1.76296  1.00000
-0.11451  0.28398  4.00000
-0.42051  1.81509  1.00000
-0.34705  1.44616  2.00000
-0.35981  1.39372  2.00000
-0.38742  1.80412  2.00000
-0.37406  1.23669  2.00000
-0.31640  1.49182  2.00000
-0.60123  1.67056  1.00000
 0.10317 -0.24949  4.00000
-0.26121  0.61215  3.00000
-0.29724  1.40814  2.00000
-0.41853  1.37436  1.00000
-0.55732  1.77607  1.00000
-0.63367  1.82612  1.00000
-0.66802  1.56258  1.00000
-0.70157  1.64657  1.00000
-0.37299  1.51619  2.00000
-0.27137  1.54273  2.00000
 0.00612  0.31952  4.00000
-0.16197  0.98236  2.00000
-0.47434  1.50395  1.00000
-0.48031  1.60790  1.00000
-0.49799  1.63006  1.00000
-0.46713  1.49857  1.00000
-0.15037  0.59956  3.00000
 0.12242 -0.14813  4.00000
-0.36195  0.73392  3.00000
-0.57436  1.47677  1.00000
-0.30266  1.58164  2.00000
-0.25978  1.32923  2.00000
-0.27809  1.73569  2.00000
-0.35365  1.44733  2.00000
 0.00000  0.00000  0.00000
-0.47023  1.46201  1.00000
-0.31222  0.26928  4.00000
-0.43225  1.52230  1.00000
-0.52962  1.71786  1.00000
-0.56813  1.69650  1.00000
-0.46437  0.91084  1.00000
-0.59305  1.62924  1.00000
-0.54828  1.64526  1.00000
-0.44711  1.53516  1.00000
-0.09397  0.23122  4.00000
-0.54443  1.00629  1.00000
-0.43458  1.52762  1.00000
-0.26970  0.87017  2.00000
-0.36702  1.41823  2.00000
-0.49027  1.65230  1.00000
-0.31500  0.78104  2.00000
-0.85938  1.66796  1.00000
-0.46986  1.56507  1.00000
-0.60525  1.31804  1.00000
-0.44167  1.64600  1.00000
-0.56024  1.90643  1.00000
 0.00000  0.00000  0.00000
-0.61964  1.63085  1.00000
-0.00392  0.75412  3.00000
-0.33323  0.82930  2.00000
-0.31166  1.04813  2.00000
 0.05461  0.17173  4.00000
-0.02927  0.40943  4.00000
-0.29272  0.16732  4.00000
 0.00000  0.00000  0.00000
-0.59018  1.70372  1.00000
-0.41896  1.18372  1.00000
-0.63651  1.92572  1.00000
 0.00000  0.00000  0.00000
-0.39879  1.32873  2.00000
 0.16679 -0.08938  4.00000
 0.00000  0.00000  0.00000
-0.15221  1.13011  2.00000
-0.52450  1.55963  1.00000
-0.35608  0.98439  2.00000
-0.52454  1.46367  1.00000
-0.34010  0.54691  3.00000
-0.35410  1.45466  2.00000
-0.46525  1.57776  1.00000
-0.65797  1.53469  1.00000
-0.47313  1.61839  1.00000
-0.20433  0.54667  3.00000
-0.36640  1.71735  2.00000
-0.60985  1.59556  1.00000
-0.50254  1.40049  1.00000
-0.40064  1.45050  1.00000
-0.23315  0.51720  3.00000
-0.41215  1.64980  1.00000
-0.52854  1.58119  1.00000
-0.60220 -0.21538  0.00000
-0.27110  1.11307  2.00000
-0.28204  1.19720  2.00000
-0.34604  0.66087  3.00000
-0.27056  1.07719  2.00000
 0.16574 -0.05404  4.00000
-0.31163 -0.14206  4.00000
-0.41389  1.57092  1.00000
-0.54211  1.39637  1.00000
-0.45003  1.20192  1.00000
-0.70948  1.82334  1.00000
-0.12535  0.14239  4.00000
-0.24047  0.51508  3.00000
-0.29790  1.30546  2.00000
-0.38876  0.82562  2.00000
-0.44574  1.60207  1.00000
-0.35247  1.73201  2.00000
 0.00000  0.00000  0.00000
-0.41226  1.50908  1.00000
-0.23058  0.01284  4.00000
-0.02046  0.20167  4.00000
 0.08382 -0.31336  4.00000
-0.41774  1.53704  1.00000
-0.46807  1.65577  1.00000
-0.23293  0.73288  3.00000
-0.39468  1.41885  2.00000
-0.35583  1.47245  2.00000
-0.35961  0.65849  3.00000
-0.64747  1.85320  1.00000
-0.45393  1.64914  1.00000
-0.53180  1.83613  1.00000
-0.60160  1.96855  1.00000
 0.09696  0.11893  4.00000
-0.15660  1.37005  2.00000
 0.08452 -0.30277  4.00000
-0.67973  1.70525  1.00000
-0.49169  1.34951  1.00000
-0.40358  1.64971  1.00000
-0.44892  1.55823  1.00000
-0.15072  0.37088  4.00000
-0.41421  1.63597  1.00000
-0.26000  0.95751  2.00000
-0.52673  1.43228  1.00000
-0.81180  1.76520  1.00000
-0.57261  2.03606  1.00000
-0.32501  0.95332  2.00000
-0.46139  1.71114  1.00000
-0.29093  0.93344  2.00000
-0.83240  1.69668  1.00000
-0.31162  0.90832  2.00000
 0.00000  0.00000  0.00000
-0.23262  1.03957  2.00000
-0.19673  0.67633  3.00000
-0.44262  1.56333  1.00000
 0.04131  0.06371  4.00000
-0.19199  1.43567  2.00000
-0.63459  1.91392  1.00000
-0.48345  1.60439  1.00000
-0.61331  1.72078  1.00000
-0.46589  1.64971  1.00000
-0.47280  1.35834  1.00000
-0.48318  1.50725  1.00000
-0.54886  1.58387  1.00000
 0.00000  0.00000  0.00000
-0.44838  1.61609  1.00000
 0.07286  0.02612  4.00000
 0.08536  0.03981  4.00000
-0.48949  0.38703  4.00000
-0.25009  0.83531  2.00000
-0.20339  0.62294  3.00000
-0.05985  0.20466  4.00000
-0.41844  1.40742  1.00000
-0.32218  0.99804  2.00000
-0.46544  1.60317  1.00000
-0.51349  1.68484  1.00000
-0.46818  1.77776  1.00000
-0.42683  0.96525  1.00000
-0.57946  1.59083  1.00000
-0.41218  1.37221  1.00000
 0.00000  0.00000  0.00000
-0.55741  1.61636  1.00000
-0.41427  1.46237  1.00000
-0.47861  1.70526  1.00000
-0.32727  1.40497  2.00000
 0.00000  0.00000  0.00000
-0.50794  1.71442  1.00000
-0.43014  1.39905  1.00000
 0.00000  0.00000  0.00000
 0.00000  0.00000  0.00000
-0.34155  1.62651  2.00000
-0.40737  0.94146  1.00000
-0.41031  1.56313  1.00000
-0.41665  1.57367  1.00000
 0.00636 -0.03292  4.00000
 0.00000  0.00000  0.00000
-0.40817  1.69560  1.00000
-0.74294  2.02650  1.00000
 0.10331 -0.37675  4.00000
-0.47388  1.35297  1.00000
-0.28654  1.29502  2.00000
-0.17210  1.04036  2.00000
-0.40985  1.63139  1.00000
-0.48308  1.71642  1.00000
-0.35926 -0.11464  4.00000
-0.43598  1.51446  1.00000
-0.55243  1.56079  1.00000
-0.24063  1.51979  2.00000
-0.37358  1.32096  2.00000
-0.42335  1.75488  1.00000
-0.84108  1.29093  1.00000
-0.43229  0.80195  1.00000
 0.01356  0.22660  4.00000
 0.00000  0.00000  0.00000
-0.32879  0.94463  2.00000
-0.45900  1.31681  1.00000
-0.45640  1.60163  1.00000
-0.23228  0.72321  3.00000
-0.36969  0.64306  3.00000
 0.00000  0.00000  0.00000
-0.41227  1.34313  1.00000
-0.70932  1.41652  1.00000
-0.07521  1.02764  2.00000
-0.46095  1.69462  1.00000
-0.15760  1.02334  2.00000
-0.12926  1.21979  2.00000
 0.00000  0.00000  0.00000
 0.00000  0.00000  0.00000
 0.08402  0.16938  4.00000
-0.21819  0.77115  3.00000
-0.41137  1.77323  1.00000
-0.24314  0.66058  3.00000
-0.44220  1.44587  1.00000
-0.27050  1.35557  2.00000
 0.00000  0.00000  0.00000
 0.00000  0.00000  0.00000
-0.57113  1.81807  1.00000
-0.22029  0.75305  3.00000
-0.72620  1.82045  1.00000
-0.41568  1.36722  1.00000
-0.42214  1.68233  1.00000
-0.37701  1.17254  2.00000
-0.17367  0.32015  4.00000
-0.52352  1.71965  1.00000
-0.40624  1.72031  1.00000
-0.46775  1.72590  1.00000
 0.00000  0.00000  0.00000
-0.32327 -0.28904  0.00000
-0.28189  0.60606  3.00000
-0.02745  0.90086  2.00000
-0.41522  1.39139  1.00000
-0.61874  1.76415  1.00000
-0.39623  1.72612  2.00000
-0.44596  1.53634  1.00000
-0.59896  1.71863  1.00000
 0.23645 -0.10679  4.00000
 0.00000  0.00000  0.00000
-0.42142  1.58976  1.00000
-0.73467  1.68941  1.00000
-0.34913  1.29464  2.00000
-0.45045  1.54996  1.00000
-0.64440  1.71213  1.00000
-0.58477  1.64010  1.00000
-0.74147  1.90289  1.00000
-0.47810  1.41711  1.00000
 0.04532 -0.41229  4.00000
-0.04152  0.98825  2.00000
-0.51955  1.64979  1.00000
-0.35540  1.11384  2.00000
-0.44834  1.53679  1.00000
-0.40248  1.36348  1.00000
-0.48671  1.44528  1.00000
-0.48784  1.48940  1.00000
-0.39637  1.23076  2.00000
 0.00000  0.00000  0.00000
-0.46173  1.49714  1.00000
-0.77605  1.78489  1.00000
-0.56640  1.77838  1.00000
-0.21018  1.15975  2.00000
-0.07518  0.37876  4.00000
 0.00000  0.00000  0.00000
-0.44398  1.49136  1.00000
-0.31708  1.45583  2.00000
-0.29018  1.39738  2.00000
-0.70835  1.88719  1.00000
-0.29442  1.10877  2.00000
-0.34515  1.50939  2.00000
 0.00000  0.00000  0.00000
-0.44689  0.18865  4.00000
-0.46606  1.77610  1.00000
-0.28893  1.09489  2.00000
 0.00000  0.00000  0.00000
-0.47750  1.88637  1.00000
 0.00000  0.00000  0.00000
-0.49155  1.50057  1.00000
-0.02933  0.08636  4.00000
-0.30761  1.73668  2.00000
-0.44642  1.29675  1.00000
-0.13039  0.25115  4.00000
-0.43502  1.20962  1.00000
-0.23841  0.78154  2.00000
-0.39629  1.61786  2.00000
-0.59612  1.57266  1.00000
-0.85447  1.45260  1.00000
-0.80986  1.80623  1.00000
-0.19438  0.89332  2.00000
-0.81334  1.80372  1.00000
-0.38848  1.46021  2.00000
-0.23507 -0.17653  4.00000
-0.42845  1.63989  1.00000
-0.35160  0.21139  4.00000
-0.76591  1.70985  1.00000
-0.51516  1.47422  1.00000
-0.52756  0.96379  1.00000
-0.55896  1.50014  1.00000
-0.87045  1.83029  1.00000
-0.48521  1.75908  1.00000
-0.25728  0.46908  4.00000
-0.35613  1.33064  2.00000
-0.60641  1.60261  1.00000
-0.35830  1.63750  2.00000
-0.35621  1.79966  2.00000
-0.51214  2.07860  1.00000
 0.00000  0.00000  0.00000
-0.47323  1.56413  1.00000
-0.15281  0.71416  3.00000
 0.00000  0.00000  0.00000
-0.37842  0.69888  3.00000
-0.40003  1.43586  1.00000
 0.00000  0.00000  0.00000
 0.39038  0.17638  4.00000
-0.10621  0.09447  4.00000
-0.24548  0.75997  3.00000
-0.19705  0.28149  4.00000
-0.36495  1.49579  2.00000
-0.47786  1.51817  1.00000
 0.30314 -0.23958  4.00000
 0.00598  0.65446  3.00000
-0.53138  1.52169  1.00000
-0.60149  1.71503  1.00000
-0.52351  1.28231  1.00000
 0.10365  0.65254  3.00000
 0.17210  0.80976  2.00000
-0.57786  1.76055  1.00000
-0.47350  1.54403  1.00000
-0.52232  1.81433  1.00000
 0.07039  1.21735  2.00000
-0.43917  1.35797  1.00000
-0.38655  1.64074  2.00000
-0.70777  1.49628  1.00000
-0.39062  1.44556  2.00000
 0.00000  0.00000  0.00000
-0.12873  1.04096  2.00000
 0.00000  0.00000  0.00000
 0.00000  0.00000  0.00000
-0.32779  1.13701  2.00000
 0.00000  0.00000  0.00000
-0.61731  1.94020  1.00000
-0.11022  0.20763  4.00000
-0.45406  1.51921  1.00000
-0.37401  1.46334  2.00000
-0.25204  1.16026  2.00000
-0.37137  1.14242  2.00000
-0.19663  1.23098  2.00000
-0.44018  1.75212  1.00000
-0.61313  1.79083  1.00000
-0.07241  0.32201  4.00000
-0.54138  0.90531  1.00000
 0.00000  0.00000  0.00000
-0.49768  1.61381  1.00000
-0.55838  1.67559  1.00000
 0.12166 -0.13668  4.00000
-0.39202  1.37011  2.00000
-0.44981  1.61075  1.00000
-0.07354  0.51108  3.00000
-0.60242  1.67587  1.00000
-0.48436  1.83833  1.00000
-0.37013  1.35902  2.00000
-0.40973  0.99555  1.00000
-1.02902  1.51655  1.00000
-0.48966  1.44166  1.00000
-0.46109  1.35415  1.00000
-0.31996  1.26309  2.00000
-0.35114  1.38643  2.00000
-0.42961  0.99991  1.00000
-0.27260  1.50539  2.00000
-0.30100  1.42043  2.00000
-0.57861  1.74603  1.00000
-0.30726  0.57818  3.00000
 0.31888  1.19454  2.00000
-0.23523  0.79727  2.00000
 0.00000  0.00000  0.00000
 0.00000  0.00000  0.00000
-0.21190  0.58286  3.00000
-0.23368  0.14737  4.00000
-1.12587  1.92278  1.00000
-0.52101  1.40637  1.00000
-0.33856  1.28569  2.00000
-0.66234  1.86697  1.00000
-0.47937 -0.48413  0.00000
-0.43221  1.38423  1.00000
-0.32419  1.59741  2.00000
-0.26931  0.85576  2.00000
-0.25078  0.33726  4.00000
-0.40685  1.54795  1.00000
-0.45192  1.84654  1.00000
-0.05703  0.03383  4.00000
 0.00000  0.00000  0.00000
 0.32784 -0.31605  4.00000
 0.04111 -0.36251  4.00000
-0.28053  0.60195  3.00000
-0.36121  1.41529  2.00000
-0.08830  1.31220  2.00000
-0.32709  1.57162  2.00000
-0.37742  1.18130  2.00000
-0.46462  1.40197  1.00000
-0.26871  1.67616  2.00000
-0.25816  1.04852  2.00000
-0.24972  0.54095  3.00000
-0.43614  0.80929  1.00000
-0.43352  1.60667  1.00000
-0.59309  1.83472  1.00000
-1.05174  1.72069  1.00000
-0.04719  0.09760  4.00000
-0.26418  0.70407  3.00000
-0.47954  1.58713  1.00000
-0.42819  1.43194  1.00000
-0.51486  1.44085  1.00000
-0.49352  1.55732  1.00000
-0.11982  0.04999  4.00000
-0.01839  0.48073  3.00000
-0.49019  1.25361  1.00000
-0.47808  1.69864  1.00000
-0.53347  1.69720  1.00000
-0.05690  0.00945  4.00000
-0.48472  1.60758  1.00000
-0.49455  1.55766  1.00000
-0.41356  1.62662  1.00000
-0.63797  1.75083  1.00000
-0.39478  1.34698  2.00000
-0.93261  1.75914  1.00000
-0.42899  1.50807  1.00000
-0.53238  1.54507  1.00000
-0.34591 -0.15801  0.00000
-0.42696  1.50834  1.00000
-0.54741  1.50861  1.00000
-0.41760  1.22248  1.00000
-0.41812  1.45391  1.00000
-0.39113  1.50628  2.00000
-0.51475  1.60074  1.00000
-0.61892  1.57880  1.00000
 0.03100  1.30492  2.00000
-0.73260  1.94404  1.00000
-0.47773  1.44512  1.00000
-0.33826  1.30118  2.00000
-0.43866  1.36008  1.00000
-0.55203  1.81533  1.00000
-0.34820  1.05354  2.00000
-0.25144  0.73432  3.00000
-0.17780  0.50691  3.00000
-0.56911  1.64204  1.00000
-0.67008  1.56188  1.00000
-0.33430  0.81158  2.00000
-0.56780  1.76943  1.00000
-0.42372  1.56444  1.00000
-0.78071  1.80112  1.00000
-0.52384  1.57349  1.00000
-0.49995  1.71056  1.00000
-0.36804  1.38814  2.00000
-0.62411  1.86867  1.00000
-0.28357  0.89515  2.00000
-0.56264  1.69885  1.00000
-0.44910  1.52548  1.00000
-0.31064  0.06893  4.00000
-0.46084  0.15776  0.00000
-0.59530  1.77811  1.00000
-0.34202  1.09061  2.00000
-0.47640  1.69712  1.00000
-0.29671  0.35257  4.00000
-1.02724  1.71616  1.00000
 0.00000  0.00000  0.00000
-0.47411  1.56586  1.00000
 0.00000  0.00000  0.00000
-0.31193  0.92428  2.00000
-0.94593  1.74949  1.00000
-0.28930  1.24207  2.00000
-0.45469  1.82670  1.00000
-0.32778  1.54618  2.00000
 0.00000  0.00000  0.00000
-0.33676  1.30358  2.00000
-0.35535  1.07657  2.00000
-0.19850  0.28285  4.00000
-0.58144  1.75670  1.00000
-0.10505  0.37217  4.00000
-0.50743  1.58127  1.00000
-1.03777  1.67242  1.00000
-0.47098  1.56296  1.00000
-0.45624  1.57375  1.00000
-0.41610  1.77440  1.00000
-0.40432  1.45434  1.00000
-0.54207  1.59670  1.00000
-0.36416  1.42035  2.00000
-0.61958  1.67544  1.00000
-0.40282  1.54009  1.00000
-0.54131  1.77188  1.00000
-0.75288  1.69524  1.00000
-0.41332  1.27935  1.00000
-0.41795  0.71139  1.00000
-0.39926  1.46830  2.00000
-0.16868  0.72754  3.00000
-0.43089  0.94012  1.00000
 0.00000  0.00000  0.00000
-0.30750  1.34984  2.00000
-0.35491  1.31391  2.00000
-0.46819  1.79880  1.00000
-0.27259  0.86711  2.00000
 0.00000  0.00000  0.00000
-0.66927  1.77485  1.00000
-0.21700  1.17846  2.00000
-0.42341  1.37201  1.00000
-0.46878  1.68105  1.00000
-0.34883  0.88598  2.00000
-0.39395  0.86267  2.00000
 0.04686  0.12090  4.00000
-0.45901  1.65581  1.00000
-0.23007  1.55920  2.00000
-0.36765  1.35875  2.00000
-0.42084  1.19089  1.00000
-0.44490  1.28659  1.00000
-0.33866  0.61077  3.00000
-0.38999  1.73705  2.00000
-0.52037  1.73230  1.00000
-0.45532  1.71560  1.00000
-0.40702  1.54487  1.00000
-0.36267  0.88058  2.00000
-0.42862  1.41552  1.00000
-0.25936  0.63749  3.00000
-0.17266  0.94734  2.00000
-0.32977  1.10298  2.00000
-0.45094  1.56241  1.00000
-0.40171  1.36899  1.00000
-0.26792  1.29228  2.00000
-0.36415  1.24391  2.00000
 0.12729 -0.13727  4.00000
-0.82924  1.96174  1.00000
-0.44412  1.61404  1.00000
-0.10499  0.70834  3.00000
-0.23415  1.42991  2.00000
-0.46477  1.50541  1.00000
-0.36057  1.42208  2.00000
 0.00000  0.00000  0.00000
-0.54518  1.67365  1.00000
-0.11956  1.14289  2.00000
-0.19556  0.48558  3.00000
-0.50503  1.71931  1.00000
-0.48675  1.73911  1.00000
-0.19296  0.43537  4.00000
-0.41752  1.31150  1.00000
-0.28768  0.74178  3.00000
-0.13525  0.26529  4.00000
-0.56981  1.64802  1.00000
-0.57486  1.45169  1.00000
-0.35485  1.01912  2.00000
-0.60271  1.67814  1.00000
 0.00000  0.00000  0.00000
-0.54503  1.59969  1.00000
-0.45528  1.52080  1.00000
-0.17663  1.03262  2.00000
-0.22838  0.73062  3.00000
-0.58894  1.74877  1.00000
-0.15565  0.68619  3.00000
 0.00000  0.00000  0.00000
-0.38269  1.50472  2.00000
-0.51479  1.79410  1.00000
-0.59333  1.59316  1.00000
-0.56463  1.54109  1.00000
-0.52655  1.65055  1.00000
-0.44827 -0.13077  0.00000
-0.44706  1.59580  1.00000
-0.58440  1.57887  1.00000
-0.42187  0.85992  1.00000
-0.42654  1.34539  1.00000
-0.59436  1.41521  1.00000
-0.54477  1.25486  1.00000
-0.55992  1.84624  1.00000
-0.43155  0.72485  1.00000
-0.18357  0.04060  4.00000
-0.52442  1.59720  1.00000
-0.48522  1.40926  1.00000
-0.27172  1.20273  2.00000
 0.00000  0.00000  0.00000
-0.60345  1.75278  1.00000
-0.07848  0.71958  3.00000
-0.42657  1.33080  1.00000
-0.26689  1.32564  2.00000
-0.40215  1.66557  1.00000
-0.50331  1.45202  1.00000
-0.59546  1.46962  1.00000
-0.41512  1.42664  1.00000
 0.00000  0.00000  0.00000
-0.44113  1.72814  1.00000
-0.50507  1.36320  1.00000
-0.37001  1.32438  2.00000
-0.29791  0.67034  3.00000
-0.58110  1.57575  1.00000
-0.32110  1.50346  2.00000
-0.14451  1.02527  2.00000
-0.35313  1.54808  2.00000
-0.87233  1.57572  1.00000
-0.47879  1.90221  1.00000
-0.40521  1.55979  1.00000
 0.00000  0.00000  0.00000
-0.58066  1.61674  1.00000
-0.37184  1.43412  2.00000
-0.47547  1.66847  1.00000
-0.59996  1.48257  1.00000
-0.30442  1.44969  2.00000
-0.03933  0.28937  4.00000
-0.41012  1.49215  1.00000
-0.32419  0.82504  2.00000
-0.58771  1.55942  1.00000
-0.39749  1.43407  2.00000
 0.00000  0.00000  0.00000
-0.29607 -0.06702  0.00000
-0.40968  1.71924  1.00000
 0.00000  0.00000  0.00000
-0.23375  1.34764  2.00000
 0.00000  0.00000  0.00000
 0.00000  0.00000  0.00000
 0.00000  0.00000  0.00000
 0.00000  0.00000  0.00000
-0.67513  1.77541  1.00000
-0.47955  1.39040  1.00000
 0.00000  0.00000  0.00000
-0.01991  0.03503  4.00000
-0.48366  1.64619  1.00000
-0.49190  1.65285  1.00000
-0.42813  1.58289  1.00000
-0.36521  0.43185  4.00000
-0.39057  1.08736  2.00000
-0.27781  1.44243  2.00000
-0.29843  0.72916  3.00000
-0.51462  1.50548  1.00000
-0.36675  1.25176  2.00000
-0.52214  1.54997  1.00000
-0.35788  1.49711  2.00000
-0.49803  1.56381  1.00000
-0.50252  1.84129  1.00000
-0.12179 -0.22330  4.00000
-0.40938  1.79977  1.00000
-0.37017  1.21922  2.00000
-0.36519  1.55251  2.00000
-0.39313  1.38996  2.00000
-0.51077  1.60802  1.00000
-0.48517  1.69827  1.00000
-0.31904  1.11939  2.00000
-0.53473  1.71908  1.00000
-0.28572  1.28160  2.00000
-0.40719  1.58763  1.00000
-0.24703  0.75610  3.00000
-0.32066  1.37658  2.00000
 0.00000  0.00000  0.00000
-0.47298  1.72182  1.00000
-0.56134  1.89068  1.00000
-0.31445  0.97109  2.00000
 0.08359  0.17085  4.00000
-0.41399  1.29024  1.00000
-0.35679  1.05945  2.00000
-0.45056  1.69197  1.00000
-0.43451  1.63567  1.00000
-0.19237  0.93075  2.00000
-0.40473  1.23411  1.00000
-0.19112  0.42667  4.00000
-0.09266  0.68966  3.00000
-0.45290  1.47403  1.00000
-0.49526  1.23960  1.00000
-0.41067  1.54899  1.00000
-0.38115  1.19229  2.00000
-0.42598  1.46648  1.00000
-0.41188  1.56545  1.00000
-0.40349  0.83467  1.00000
 0.00000  0.00000  0.00000
-0.02175  0.21192  4.00000
-0.41933  1.24405  1.00000
-0.40109  0.86326  1.00000
-0.49566  1.61744  1.00000
-0.32491  0.88576  2.00000
 0.00000  0.00000  0.00000
-0.45517  1.65083  1.00000
 0.00000  0.00000  0.00000
-0.37122  1.47062  2.00000
 0.36154  0.12385  4.00000
-0.31463  0.88852  2.00000
-0.17117  0.18837  4.00000
-0.42404  1.67249  1.00000
-0.63063  1.68340  1.00000
-0.33929  1.25931  2.00000
 0.10736  0.16584  4.00000
-0.40916  1.23727  1.00000
-0.46039  1.62886  1.00000
-0.65696  1.47516  1.00000
-0.52425  1.57108  1.00000
-0.02117 -0.01637  4.00000
-0.42086  1.48497  1.00000
-0.41575  1.51930  1.00000
-0.29536  0.56914  3.00000
-0.43966  1.70093  1.00000
-0.37223  1.12834  2.00000
-0.42894  1.51793  1.00000
-0.55079  1.70433  1.00000
-0.47255  1.47973  1.00000
-0.48124  0.93242  1.00000
-0.33908  1.02218  2.00000
-0.56109  1.78350  1.00000
-0.76718  1.76766  1.00000
-0.42881  1.66676  1.00000
-0.45448  1.53406  1.00000
 0.00000  0.00000  0.00000
-0.26310  1.25571  2.00000
 0.04530  0.55955  3.00000
 0.00000  0.00000  0.00000
-0.35286  1.43025  2.00000
-0.54983  1.71632  1.00000
-0.35009  0.69819  3.00000
 0.00000  0.00000  0.00000
-0.54080  1.55937  1.00000
-0.46784  1.89875  1.00000
-0.48943  1.63600  1.00000
-0.45585  1.55249  1.00000
-0.48857  1.64085  1.00000
-0.45674  1.31603  1.00000
-0.33462  0.82737  2.00000
-0.44027  1.57275  1.00000
-0.31977  1.08429  2.00000
-0.43396  1.68396  1.00000
-0.40776  1.54037  1.00000
-0.67074  1.84208  1.00000
-0.66726  1.69526  1.00000
-0.02794  0.04297  4.00000
-0.51668  1.67742  1.00000
-0.40067  1.70930  1.00000
-0.42298  1.39669  1.00000
-0.57095  1.74043  1.00000
 0.04026  0.03822  4.00000
-0.40259  1.56874  1.00000
-0.52667  1.62505  1.00000
-0.52676  1.87934  1.00000
-0.43070  1.54342  1.00000
-0.34543  1.09454  2.00000
 0.16859 -0.09259  4.00000
 0.00000  0.00000  0.00000
-0.38358  1.77531  2.00000
 0.00000  0.00000  0.00000
-0.37650  1.16486  2.00000
-0.38327  1.52622  2.00000
-0.39013  1.57824  2.00000
 0.11267  0.03503  4.00000
-0.45062  1.30959  1.00000
-0.41949  1.54511  1.00000
-0.46062  1.67918  1.00000
-0.44054  1.41054  1.00000
-0.33500  1.42055  2.00000
-0.50353  1.73530  1.00000
-0.79717  1.96061  1.00000
-0.60456  1.78532  1.00000
-0.57675  1.57719  1.00000
-0.65992  1.71896  1.00000
-0.42842  1.28249  1.00000
 0.53373 -0.47886  4.00000
-0.19445 -0.15927  4.00000
-0.52316  0.31827  4.00000
-0.32356  0.90768  2.00000
-0.61833  1.96578  1.00000
-0.43658  1.49372  1.00000
-0.40374  1.59197  1.00000
-0.12576  0.35430  4.00000
-0.63650  1.85111  1.00000
-0.11506  0.58035  3.00000
-0.20214  1.13379  2.00000
 0.04291  0.04336  4.00000
-0.42057  1.71775  1.00000
-0.37945  1.34825  2.00000
-0.42876  1.55273  1.00000
-0.46736  1.69475  1.00000
-0.40434  1.36612  1.00000
-0.45323  1.64625  1.00000
-0.49489  1.43739  1.00000
-0.52394  1.49797  1.00000
 0.23638 -0.64206  0.00000
-0.64229  1.54765  1.00000
-0.44089  1.51063  1.00000
 0.11350 -0.08725  4.00000
 0.07331  0.41664  4.00000
-0.62905  1.78035  1.00000
-0.19315  0.93892  2.00000
-0.32317  0.95530  2.00000
-0.25876  0.78247  2.00000
-0.38963  1.56128  2.00000
-0.41640  1.44514  1.00000
-0.36488  1.40783  2.00000
-0.23005  0.66848  3.00000
-0.36908  1.56202  2.00000
 0.00000  0.00000  0.00000
-0.30383  1.17035  2.00000
-0.42967  1.88700  1.00000
 0.14760  0.36361  4.00000
 0.00000  0.00000  0.00000
-0.09563  0.02243  4.00000
-0.07128  0.67815  3.00000
-0.50953  1.55130  1.00000
-0.24832  1.02259  2.00000
-0.38744  1.59213  2.00000
-0.45059  1.53260  1.00000
-0.64884  1.63255  1.00000
-0.94682  1.59228  1.00000
-0.46484  1.74005  1.00000
-0.37252  1.56450  2.00000
-0.51901  1.81659  1.00000
-0.41939  1.43258  1.00000
-0.54401  1.46564  1.00000
-0.80392  1.29739  1.00000
-0.41056  1.75201  1.00000
-0.44594  1.29115  1.00000
 0.00000  0.00000  0.00000
-0.31322  0.91094  2.00000
-0.27625  0.68314  3.00000
-0.52512  1.32944  1.00000
-0.57841  1.60053  1.00000
-0.53370  1.72052  1.00000
-0.41935  1.41128  1.00000
-0.57021  1.59895  1.00000
-0.49752  1.64881  1.00000
-0.72555  1.81384  1.00000
-0.50305  1.60105  1.00000
-0.40525  1.62169  1.00000
-0.41537  1.73653  1.00000
-0.52322  1.65010  1.00000
-0.11685  1.02735  2.00000
 0.04981  0.00561  4.00000
-0.31211  1.14946  2.00000
-0.29364  1.09982  2.00000
-0.36663  1.39541  2.00000
-0.51611  1.75496  1.00000
-0.46355  1.54270  1.00000
-0.52256  1.09902  1.00000
-0.32505  0.96341  2.00000
-0.46880  1.55317  1.00000
-0.29786  1.53614  2.00000
 0.00000  0.00000  0.00000
-0.73525  1.84013  1.00000
-0.74696  1.89310  1.00000
-0.41753  1.72978  1.00000
-0.28483  1.71253  2.00000
-0.23577  0.61616  3.00000
-0.60739  1.70443  1.00000
-0.31893  1.37497  2.00000
-0.43461  1.17094  1.00000
-0.27552  0.74178  3.00000
-0.44528  1.59854  1.00000
-1.03730  1.57984  1.00000
-0.42264  1.48710  1.00000
-0.69640  1.88184  1.00000
-0.35425  1.70905  2.00000
-0.17955 -0.02045  0.00000
-0.34684  1.43016  2.00000
-0.10359  0.45056  4.00000
-0.38433  1.71259  2.00000
-0.55274  1.57601  1.00000
-0.46025  1.43024  1.00000
-0.31723  1.77184  2.00000
-0.51097  1.72378  1.00000
 0.00000  0.00000  0.00000
-0.77672  1.67795  1.00000
-0.14719  1.13802  2.00000
-0.61335  1.68051  1.00000
-0.29398  0.73632  3.00000
-0.45250  1.44835  1.00000
-0.43064  1.27070  1.00000
-0.47220  1.40374  1.00000
-1.04854  1.65380  1.00000
-0.42029  0.79968  1.00000
-0.55374  1.75396  1.00000
-0.42239  1.43581  1.00000
-0.39165  1.51398  2.00000
-0.46735  1.75911  1.00000
-0.42258  0.86817  1.00000
-0.40537  1.53808  1.00000
-0.37345  1.66556  2.00000
 0.00000  0.00000  0.00000
-0.41824  1.51391  1.00000
 0.00000  0.00000  0.00000
-0.35184  1.59770  2.00000
-0.22435  0.06145  4.00000
-0.44738  1.65910  1.00000
-0.21651  0.85860  2.00000
-0.42322  1.54119  1.00000
-0.82278  1.76924  1.00000
-0.56822  1.93741  1.00000
-0.42906  1.49886  1.00000
 0.04077  0.90407  2.00000
-0.54197  1.57839  1.00000
-0.51693  1.41088  1.00000
-0.41547  1.13062  1.00000
-0.51746  1.59977  1.00000
-0.45821  1.71916  1.00000
-0.55381  1.82793  1.00000
-0.39855  1.61854  2.00000
-0.10073  0.28126  4.00000
-0.27242  0.90238  2.00000
-0.35929  1.13363  2.00000
-0.43981  1.47643  1.00000
 0.13369  0.52840  3.00000
-0.55617  1.84302  1.00000
-0.61326  1.72936  1.00000
-0.51791  1.64791  1.00000
-0.09318  0.74115  3.00000
-0.13832  0.81948  2.00000
-0.45377  1.26802  1.00000
-0.54809  1.30959  1.00000
-0.59136  0.82646  1.00000
-0.44291  1.80068  1.00000
-0.47967  1.43043  1.00000
-0.21082  0.93069  2.00000
-0.43516  1.42114  1.00000
-0.41431  1.60488  1.00000
-0.45179  1.60272  1.00000
-0.38486  1.37727  2.00000
-0.53276  1.76687  1.00000
-0.36789  1.42999  2.00000
-0.27168  1.25462  2.00000
-0.51367  1.80116  1.00000
-0.50139  1.64708  1.00000
-0.17434  1.65359  2.00000
-0.57376  1.83594  1.00000
-0.09224  0.49527  3.00000
-0.29725  1.53905  2.00000
-0.45588  1.55334  1.00000
-0.35457  0.93762  2.00000
-0.18214  0.80713  2.00000
-0.40793  1.46455  1.00000
-0.66790  1.32631  1.00000
-0.23199  0.38952  4.00000
-0.35081  1.41258  2.00000
-0.15061  1.20715  2.00000
-0.19774  1.17863  2.00000
-0.66337  1.14551  1.00000
-0.48232  1.47006  1.00000
-0.55237  1.75604  1.00000
-0.66629  1.98564  1.00000
-0.42813  1.52471  1.00000
-0.11426  0.68142  3.00000
-0.37237  1.74024  2.00000
-0.46866  1.76782  1.00000
-0.42576  1.24433  1.00000
-0.66986  1.60114  1.00000
-0.23967  0.76989  3.00000
-0.63368  1.07273  1.00000
-0.27133  0.80257  2.00000
-0.40389  1.12959  1.00000
-0.44679  1.57776  1.00000
-0.42868  1.34329  1.00000
 0.03811  0.35334  4.00000
-0.65957  1.64194  1.00000
-0.44035  1.27367  1.00000
-0.26900  0.45056  4.00000
-0.91726  1.70412  1.00000
-0.27087  0.87990  2.00000
-0.59035  1.52503  1.00000
-0.42732  1.29977  1.00000
-0.04161  1.16089  2.00000
-0.34454  1.27098  2.00000
-0.54779  1.75211  1.00000
-0.43658  1.65152  1.00000
-0.53944  1.68167  1.00000
-0.38790  1.53044  2.00000
-0.52721  1.53218  1.00000
-0.53826  1.93598  1.00000
-0.63898  1.63691  1.00000
-0.71189  0.23980  4.00000
-0.21514  1.08120  2.00000
-0.36982  1.70057  2.00000
-0.51087  1.76002  1.00000
-0.37912  1.68334  2.00000
-0.72404  1.75093  1.00000
-0.75692  1.75434  1.00000
-0.45803  1.68196  1.00000
-0.45375  1.58021  1.00000
-0.22608  1.34189  2.00000
-0.45580  1.55015  1.00000
-0.48386  1.75764  1.00000
-0.42083  1.18927  1.00000
-0.50578  1.68449  1.00000
-0.30390  1.49493  2.00000
-0.80341  1.41283  1.00000
-0.35515  0.76619  3.00000
-0.44113  1.59778  1.00000
-0.49580  1.77143  1.00000
-0.44907  1.67010  1.00000
-0.52357  1.59565  1.00000
-0.50123  1.76164  1.00000
-0.48178  1.59992  1.00000
-0.41422  1.57876  1.00000
-0.05432  0.45818  4.00000
-0.43197  1.33431  1.00000
 0.00000  0.00000  0.00000
-0.39612  1.64747  2.00000
-0.19012  1.01199  2.00000
-0.30821  0.85806  2.00000
-0.40939  1.60728  1.00000
-0.60315  1.92806  1.00000
-0.46671  1.84036  1.00000
-0.34336  0.78533  2.00000
-0.45184  0.24055  4.00000
-0.48390  1.59557  1.00000
-0.03263  0.22531  4.00000
-0.19642  1.12470  2.00000
-0.51558  1.38401  1.00000
-0.26021  0.96993  2.00000
-0.44715  1.63187  1.00000
-0.45814  1.70863  1.00000
-0.35898  1.88723  2.00000
-0.52315  1.60932  1.00000
-0.31920  1.47689  2.00000
-0.41553  1.50014  1.00000
-0.59809  1.77667  1.00000
-0.48560  1.54491  1.00000
-0.58710  1.70358  1.00000
-0.16224  0.57449  3.00000
-0.33962  1.48861  2.00000
-0.49878  1.44755  1.00000
-0.60993  1.83367  1.00000
-0.13872  0.42830  4.00000
-0.59463  1.64646  1.00000
-0.38602  1.27254  2.00000
-0.45095  1.43767  1.00000
 0.00000  0.00000  0.00000
 0.00000  0.00000  0.00000
 0.07196  0.01578  4.00000
-0.20040  1.30737  2.00000
-0.39021  1.10476  2.00000
 0.00000  0.00000  0.00000
 0.00000  0.00000  0.00000
-0.46588  1.59443  1.00000
-0.50089  1.66855  1.00000
-0.77578  1.58707  1.00000
-0.52360  1.63730  1.00000
-0.53970  1.75109  1.00000
 0.09425  0.78986  2.00000
-0.45322  1.58542  1.00000
-0.43884  1.80735  1.00000
-0.30964  1.10404  2.00000
-0.47041  1.19399  1.00000
-0.44144  1.51208  1.00000
-0.52316  1.73598  1.00000
-0.63316  1.59630  1.00000
-0.81030  1.06781  1.00000
-0.50203  1.63678  1.00000
-0.48207  1.69008  1.00000
-0.40281  1.38838  1.00000
-0.65390  1.86367  1.00000
-0.86831  1.58565  1.00000
-0.06800  0.06558  4.00000
-0.42227  1.73398  1.00000
-0.82785  1.86719  1.00000
-0.41271  1.76521  1.00000
-0.41561  1.76115  1.00000
-0.41569  1.71167  1.00000
-0.33487  0.85757  2.00000
-0.48563  1.77318  1.00000
-0.22234  0.80855  2.00000
-0.08444  1.31364  2.00000
-0.27110  1.00983  2.00000
-0.64829  1.68222  1.00000
-0.47377  1.62660  1.00000
-0.42480  1.12499  1.00000
-0.40833  0.83347  1.00000
-0.38146  1.41457  2.00000
-0.60027  1.91682  1.00000
-0.46277  1.73775  1.00000
-0.38237  1.62708  2.00000
-0.50866  1.61760  1.00000
-0.44256  1.44439  1.00000
-0.42272  1.66407  1.00000
-0.41133  1.45945  1.00000
 0.03585  0.15076  4.00000
-0.33393  0.70689  3.00000
-0.47037  1.50050  1.00000
-0.41509  1.06115  1.00000
-0.53777  1.84579  1.00000
-0.15021 -0.14874  4.00000
-0.46636  1.72482  1.00000
-0.39120  1.41204  2.00000
-0.37539  1.59717  2.00000
-0.64838  1.13852  1.00000
-0.45743  1.41442  1.00000
-0.33642  1.33224  2.00000
-0.26162  1.07324  2.00000
-0.29205  1.44532  2.00000
 0.00000  0.00000  0.00000
-0.26662  0.91792  2.00000
-0.67960  1.74723  1.00000
-0.53143  1.51726  1.00000
-0.42078  1.47651  1.00000
-0.56312  1.77354  1.00000
-0.52574  1.81170  1.00000
-0.47617  0.85896  1.00000
-0.33223  1.30029  2.00000
-0.27868  1.04642  2.00000
-0.51188  1.59756  1.00000
-0.49287  1.79027  1.00000
-0.38299  1.62820  2.00000
-0.58922  1.62032  1.00000
 0.08999  0.26787  4.00000
-0.33119  1.26278  2.00000
-0.39967  1.36010  2.00000
 0.00000  0.00000  0.00000
-0.27897  0.90428  2.00000
-0.58199  1.89948  1.00000
 0.00000  0.00000  0.00000
-0.80779  1.62086  1.00000
-0.54145  1.64898  1.00000
-0.41354  1.80549  1.00000
-0.40344  1.64169  1.00000
-0.52135  1.67354  1.00000
-0.51851  1.42666  1.00000
-0.34658  0.75526  3.00000
-0.60479  0.89818  1.00000
-0.31893  0.94196  2.00000
-0.40129  1.66418  1.00000
 0.00000  0.00000  0.00000
-0.10490  0.01828  4.00000
-0.49865  1.55095  1.00000
-0.41815  1.52834  1.00000
-0.09779  0.20167  4.00000
 0.00000  0.00000  0.00000
 0.06985  0.91787  2.00000
-0.49225  1.74492  1.00000
-0.52924  1.79671  1.00000
-0.84414  1.90519  1.00000
-0.23228  0.82465  2.00000
-0.70032  1.73573  1.00000
-0.31455  1.15168  2.00000
-0.33926  0.92773  2.00000
-0.55470  1.51558  1.00000
-0.43921  1.47098  1.00000
-0.63556  1.71632  1.00000
-0.41859  1.80871  1.00000
-0.29264  0.96900  2.00000
-0.46577  1.06629  1.00000
-0.46753  1.37610  1.00000
-0.29254  0.95245  2.00000
-0.27033  1.13123  2.00000
-0.38978  1.42697  2.00000
-0.42208  1.75370  1.00000
-0.33323  1.66080  2.00000
 0.18422  0.71983  3.00000
-0.20670  0.27646  4.00000
-0.41193  1.60933  1.00000
-0.51198  1.47214  1.00000
-0.49742  1.84360  1.00000
-0.39467  1.72334  2.00000
-0.26080  0.82452  2.00000
 0.23533  0.44059  4.00000
-0.38288  0.78305  2.00000
-0.42931  1.39454  1.00000
-0.25401  0.75732  3.00000
-0.38413  1.68773  2.00000
-0.70890  1.52107  1.00000
-0.53396  1.62830  1.00000
-0.41514  1.60865  1.00000
-0.31185  1.27049  2.00000
-0.41206  1.32631  1.00000
-0.43648  1.62133  1.00000
-0.90181  1.80147  1.00000
-0.41916  1.33347  1.00000
-0.51856  1.40555  1.00000
-0.57761  0.95899  1.00000
-0.47075  1.79269  1.00000
-0.46417  1.81048  1.00000
 0.01099  0.41027  4.00000
-0.59962  1.53856  1.00000
-0.44830  1.65487  1.00000
-0.64443  1.72353  1.00000
-0.42404  1.74701  1.00000
-0.40460  0.86398  1.00000
-0.71275  1.61566  1.00000
-0.43197  1.74400  1.00000
-0.42537  1.32801  1.00000
-0.61181  1.77972  1.00000
-0.44877  1.61577  1.00000
-0.35795  1.39003  2.00000
-0.41776  1.70677  1.00000
-0.33944  1.71010  2.00000
-0.43216  1.42279  1.00000
 0.10619  0.61836  3.00000
 0.07154  0.50718  3.00000
 0.02321 -0.26600  4.00000
-0.51100  1.27386  1.00000
-0.38961  1.43331  2.00000
-0.33424  1.64179  2.00000
-0.23097  0.54070  3.00000
-0.45493  1.76603  1.00000
-0.16025  0.71357  3.00000
-0.72079  1.53802  1.00000
-0.44599  1.72382  1.00000
-0.74975  2.00427  1.00000
-0.27357  1.00621  2.00000
-0.42438  1.57095  1.00000
-0.29420  1.79093  2.00000
-0.76451  1.87379  1.00000
-0.42243  1.51830  1.00000
-0.45798  1.45003  1.00000
-0.35322  1.48717  2.00000
-0.50675  1.60645  1.00000
-0.35103  1.59367  2.00000
-0.46890  1.66302  1.00000
-0.59960  1.54362  1.00000
-0.43375  1.40217  1.00000
-0.21355  0.79085  2.00000
 0.00000  0.00000  0.00000
-0.29244  1.19460  2.00000
-0.40096  1.76707  1.00000
-0.53861  1.62252  1.00000
 0.00000  0.00000  0.00000
-0.44631  1.74655  1.00000
-0.33323  1.18867  2.00000
-0.08655 -0.18509  0.00000
-0.12264  0.11494  4.00000
-0.18847  0.82497  2.00000
-0.51172  1.44204  1.00000
-0.00921 -0.03058  4.00000
-0.16758  0.05077  4.00000
-0.41655  0.58737  1.00000
-0.21021  0.69897  3.00000
-0.42495  1.78008  1.00000
-0.31800  0.47538  4.00000
-0.75223  1.78586  1.00000
-0.32651  1.50772  2.00000
-0.33562  1.60020  2.00000
-0.40124  1.56950  1.00000
-0.64354  1.69599  1.00000
-0.59301  1.76050  1.00000
 0.02645  0.89215  2.00000
-0.56990  1.33897  1.00000
 0.00000  0.00000  0.00000
 0.13302 -0.09854  4.00000
-0.49635  1.51099  1.00000
-0.57699  1.37081  1.00000
 0.00000  0.00000  0.00000
-0.96349  1.92077  1.00000
-0.44666  1.43231  1.00000
-0.47358  1.74871  1.00000
-0.63067  1.52742  1.00000
 0.00000  0.00000  0.00000
-0.40218  1.71621  1.00000
-0.42747  1.69595  1.00000
-0.22201  0.80393  2.00000
-0.41298  1.57250  1.00000
-0.69974  1.55732  1.00000
-0.52443  1.76646  1.00000
-0.54126  1.82601  1.00000
-0.39753  1.67714  2.00000
 0.00000  0.00000  0.00000
-0.37081  1.41531  2.00000
-0.34277  0.86853  2.00000
-0.60145  1.53924  1.00000
-0.55693  1.95269  1.00000
-0.42595  1.62456  1.00000
-0.51186  1.68638  1.00000
-0.47778  1.59695  1.00000
-0.50849  1.49631  1.00000
-0.65716  1.63047  1.00000
-0.53406  1.78117  1.00000
-0.44181  1.50581  1.00000
-0.36854  1.60312  2.00000
-0.35047  1.19028  2.00000
-0.73308  1.79131  1.00000
-0.49292  1.42369  1.00000
-0.51738  1.32875  1.00000
-0.35846  1.27427  2.00000
-0.45113  1.61181  1.00000
-0.31536  0.91918  2.00000
-0.34864  1.52034  2.00000
-0.50759  1.78893  1.00000
-0.61641  1.30720  1.00000
-0.63551  1.83043  1.00000
-0.37926  1.72376  2.00000
-0.31437  1.54408  2.00000
 0.00000  0.00000  0.00000
 0.02209  0.35315  4.00000
-0.46164  1.09205  1.00000
-0.46051  1.56055  1.00000
-0.18444 -0.07212  4.00000
-0.56079  1.37234  1.00000
-0.60802  1.72735  1.00000
-0.23995  1.15210  2.00000
-0.46522  1.08881  1.00000
-0.48988  1.65092  1.00000
-0.53051  1.93153  1.00000
-0.20594  1.23845  2.00000
-0.44225  1.47535  1.00000
-0.30508  1.45168  2.00000
-0.46753  1.51107  1.00000
-0.49537  1.68934  1.00000
-0.23842  1.51936  2.00000
-0.27722  1.32102  2.00000
-0.41849  1.68622  1.00000
-0.41600  1.60189  1.00000
-0.38229  1.54223  2.00000
-0.25634  1.30423  2.00000
-0.49686  0.89845  1.00000
-0.53637  1.75414  1.00000
-0.10474  0.93982  2.00000
-0.43360  1.40281  1.00000
-0.59387  1.71757  1.00000
-0.49702  1.58845  1.00000
-0.42895  1.57992  1.00000
-0.17202  0.88081  2.00000
-0.65795  1.62756  1.00000
-0.40811  1.35187  1.00000
-0.42810  1.72090  1.00000
-0.49180  1.47436  1.00000
-0.47124  1.65828  1.00000
 0.00000  0.00000  0.00000
-0.56711  1.65108  1.00000
-0.12887  0.27462  4.00000
-0.46282  1.26425  1.00000
-0.45517  1.80028  1.00000
-0.21821  0.52375  3.00000
-0.44524  1.51523  1.00000
-0.44034  1.55473  1.00000
-0.43254  1.17981  1.00000
-0.25841  0.94586  2.00000
-0.09790  0.59006  3.00000
-0.44211  1.40334  1.00000
-0.53960  1.77051  1.00000
-0.30086  1.49493  2.00000
-0.49344  1.63048  1.00000
-0.41275  1.67468  1.00000
-0.38959  1.68004  2.00000
-0.31527  1.26942  2.00000
-0.32206  0.32243  4.00000
-0.19596  0.90304  2.00000
-0.51319  1.69103  1.00000
-0.88807  2.15313  1.00000
-0.21970  0.26435  4.00000
-0.97969  1.79477  1.00000
-0.06466  0.32387  4.00000
-0.56326  1.48823  1.00000
-0.44238  1.40369  1.00000
-0.78833  1.59788  1.00000
-0.56737  1.60972  1.00000
-0.46986  1.60298  1.00000
 0.00000  0.00000  0.00000
-0.43174  1.19321  1.00000
 0.00000  0.00000  0.00000
-0.38910  1.58922  2.00000
-0.47925  1.70975  1.00000
-0.53409  1.78260  1.00000
-0.42590  1.54466  1.00000
-0.32044  1.18475  2.00000
-0.38720  1.52760  2.00000
-0.56351  1.70605  1.00000
-0.39215  1.65572  2.00000
-0.18079  1.03459  2.00000
 0.00000  0.00000  0.00000
-0.55482  1.69997  1.00000
-0.00670  0.80693  2.00000
-0.44212  1.62852  1.00000
-0.41860  1.64712  1.00000
 0.17920  0.18299  4.00000
-0.39666  1.68860  2.00000
-0.22070  1.10833  2.00000
-0.39558  1.60929  2.00000
-0.01962  0.14051  4.00000
 0.00000  0.00000  0.00000
-0.21632  0.65176  3.00000
-0.26398  0.87892  2.00000
-0.56316  1.61753  1.00000
-0.35509  1.53930  2.00000
-0.35990  1.44224  2.00000
-0.46396  1.29853  1.00000
-0.36083  1.26432  2.00000
-0.12499  1.15424  2.00000
-0.01275  0.54580  3.00000
-0.51222  1.55974  1.00000
-0.43426  1.39993  1.00000
-0.19368  1.15339  2.00000
 0.00000  0.00000  0.00000
-0.57601  1.38498  1.00000
-0.59452  1.74192  1.00000
-0.36624  1.40615  2.00000
-0.18772  0.54220  3.00000
-0.43177  1.47454  1.00000
-0.50038  1.62303  1.00000
-0.34683  1.72936  2.00000
-0.08099  0.40278  4.00000
-0.04108  0.66614  3.00000
-0.29877  1.04743  2.00000
-0.47410  1.62037  1.00000
-0.40282  1.44058  1.00000
-0.48083  1.57757  1.00000
-0.47149  1.46694  1.00000
-0.41468  1.76270  1.00000
-0.50471  1.63099  1.00000
-0.40651  1.53108  1.00000
-0.40041  1.44375  1.00000
-0.57071  1.62608  1.00000
-0.46820  1.50706  1.00000
-0.41078  1.48389  1.00000
-0.32593  0.89537  2.00000
-0.52907  1.64311  1.00000
-0.39453  1.31387  2.00000
-0.50637  1.56568  1.00000
-0.33061  1.50740  2.00000
-0.55354  1.62362  1.00000
-0.46088  1.14560  1.00000
 0.00000  0.00000  0.00000
-0.31994  1.05007  2.00000
-0.32863  1.35736  2.00000
-0.44411  1.69133  1.00000
-0.52366  1.56310  1.00000
-0.43557  1.74592  1.00000
-0.47704  1.71535  1.00000
-0.42339  0.80557  1.00000
-0.45390  1.38223  1.00000
-0.40612  1.73131  1.00000
-0.45269  1.81392  1.00000
-0.52402  1.42216  1.00000
-0.50833  1.78750  1.00000
-0.70816  1.75153  1.00000
-0.43238  1.48551  1.00000
-0.46681  1.79782  1.00000
-0.36320  1.42881  2.00000
-0.26523  1.14903  2.00000
-0.40166  1.09255  1.00000
-0.45629  1.81914  1.00000
-0.54781  1.41784  1.00000
-0.42884  1.54758  1.00000
-0.34310  1.11730  2.00000
-0.41272  1.45629  1.00000
-0.51283  1.47551  1.00000
-0.40883  1.54911  1.00000
-0.51674  1.01502  1.00000
-0.58243  1.74563  1.00000
-0.43509  1.58856  1.00000
-0.48457  1.56348  1.00000
-0.35295  0.93541  2.00000
-0.43289  1.06763  1.00000
-0.01822  1.08250  2.00000
-0.44316  1.77085  1.00000
-0.47337  1.69853  1.00000
-0.64919  1.77666  1.00000
-0.15986  1.04379  2.00000
-0.63242  1.59677  1.00000
-0.48251  1.88499  1.00000
-0.25929  0.66969  3.00000
-0.58604  1.61021  1.00000
-0.76999  1.56996  1.00000
-0.48224  1.65430  1.00000
-0.41912  1.42836  1.00000
-0.67357  1.66107  1.00000
-0.20577  1.35702  2.00000
-0.35252  1.41597  2.00000
-0.49100  1.53331  1.00000
-0.45617  1.75244  1.00000
-0.66229  1.78427  1.00000
-0.42026  1.55422  1.00000
-0.62742  1.72073  1.00000
-0.01879  0.86853  2.00000
-0.50749  1.55891  1.00000
-0.45943  1.00604  1.00000
-0.46478  1.62758  1.00000
-0.53736  1.75439  1.00000
-0.45008  1.51251  1.00000
-0.34549  1.18563  2.00000
-0.40658  1.57688  1.00000
-0.30692  1.66307  2.00000
-0.37624  1.63017  2.00000
-0.37538  1.00415  2.00000
-0.37221  1.38819  2.00000
-0.53594  1.66215  1.00000
 0.00000  0.00000  0.00000
-0.41574  1.45632  1.00000
-0.37179  1.54803  2.00000
-0.85025  1.97314  1.00000
-0.51994  1.70784  1.00000
-0.34376  1.40274  2.00000
-0.46990  1.44218  1.00000
-0.53374  1.86259  1.00000
-0.07641 -0.25571  4.00000
 0.00000  0.00000  0.00000
-0.35399  1.34469  2.00000
-0.92350  1.92781  1.00000
-0.54568  1.93246  1.00000
-0.77658  1.55879  1.00000
-0.39605  1.54998  2.00000
-0.50351  1.60826  1.00000
-0.45976  1.49788  1.00000
-0.37256  1.47334  2.00000
-0.50172  1.65064  1.00000
-0.18836  0.06558  4.00000
-0.26406  0.80969  2.00000
-0.41138  1.53196  1.00000
-0.17221  0.03141  4.00000
-0.00496  0.03941  4.00000
-0.27125  1.28941  2.00000
-0.39667  1.63660  2.00000
 0.00000  0.00000  0.00000
 0.00000  0.00000  0.00000
-0.45416  1.57993  1.00000
-0.41543  1.65784  1.00000
-0.43797  1.33310  1.00000
-0.42532  1.48016  1.00000
-0.43184  1.39569  1.00000
-0.27275  1.11939  2.00000
-0.65468  1.59441  1.00000
-0.43195  1.52416  1.00000
-0.33373  0.75136  3.00000
-0.21612  0.93762  2.00000
-0.42952  1.05392  1.00000
-0.91536  1.83338  1.00000
-0.23277  0.69285  3.00000
-0.51851  1.82468  1.00000
-0.46802  1.35207  1.00000
-0.17140  1.36560  2.00000
 0.00000  0.00000  0.00000
 0.00000  0.00000  0.00000
-0.16052 -0.12148  4.00000
 0.22973  0.07954  4.00000
-0.64503  1.93451  1.00000
-0.24552  0.34361  4.00000
-0.46572  1.44287  1.00000
 0.07534 -0.02872  4.00000
-0.24317  1.17029  2.00000
-0.72626  1.66651  1.00000
 0.04117  0.81717  2.00000
-0.46122  1.87276  1.00000
-0.44766  1.31827  1.00000
-0.29148  1.43473  2.00000
-0.25875  0.06107  4.00000
-0.51750  1.62324  1.00000
-0.38375  1.59123  2.00000
-0.45775  1.51754  1.00000
-0.42893  1.55492  1.00000
-0.46764  1.62422  1.00000
-0.44581  1.24055  1.00000
-0.50048  1.69163  1.00000
 0.00000  0.00000  0.00000
 0.00000  0.00000  0.00000
-0.64285  1.77621  1.00000
-0.44175  1.48849  1.00000
-0.37422  1.01435  2.00000
 0.22267 -0.01413  4.00000
 0.04861  0.24005  4.00000
 0.00000  0.00000  0.00000
-0.48074  1.41343  1.00000
-0.27392  1.18469  2.00000
-0.42472  1.09212  1.00000
-0.40446  1.60918  1.00000
-0.35712  1.41417  2.00000
-0.40743  1.52863  1.00000
-0.30605  1.17184  2.00000
-0.42408  1.71254  1.00000
-0.21152  0.91068  2.00000
-0.36645  1.28190  2.00000
-0.47190  1.62865  1.00000
-0.26315  1.31685  2.00000
-0.55463  1.21798  1.00000
-0.52855  1.67797  1.00000
-0.19587  0.98390  2.00000
-0.57722  1.61415  1.00000
-0.44065  1.56591  1.00000
-0.51754  1.65247  1.00000
-0.40441  1.35174  1.00000
-0.44288  1.41581  1.00000
-0.45975  1.61170  1.00000
-0.80575  1.43873  1.00000
-0.59744  1.80326  1.00000
-0.02672  0.23628  4.00000
-0.16462  0.04611  4.00000
-0.38530  1.42185  2.00000
-0.37141  1.78936  2.00000
-0.47155  1.68964  1.00000
-0.40429  1.50732  1.00000
-0.91180  1.47069  1.00000
-0.28027  1.03161  2.00000
-0.45364  1.42645  1.00000
-0.68966  1.45402  1.00000
-0.21217 -0.12843  4.00000
-0.61117  1.78273  1.00000
 0.14619  0.25672  4.00000
-0.40041  1.58400  1.00000
-0.60662  1.58873  1.00000
-0.31582  0.99295  2.00000
 0.00000  0.00000  0.00000
-0.51690  1.36506  1.00000
-0.62170  1.82991  1.00000
-0.40939  1.58536  1.00000
-0.11792  0.07408  4.00000
 0.05417 -0.06500  4.00000
-0.69832  2.08808  1.00000
-0.43615  1.58235  1.00000
-0.58293  1.18421  1.00000
-0.42058  1.59218  1.00000
-0.58447  1.33033  1.00000
-0.11858  0.52218  3.00000
-0.48496  1.22225  1.00000
-0.30565  1.09566  2.00000
-0.36029  1.58657  2.00000
-0.36196  1.56898  2.00000
-0.32503  1.03695  2.00000
-0.49287  1.46379  1.00000
-0.44048  0.97030  1.00000
-0.43824  1.77558  1.00000
-0.69973  1.56075  1.00000
-0.33050  1.01536  2.00000
-0.65832  1.80293  1.00000
 0.00000  0.00000  0.00000
-0.53575  1.78269  1.00000
-0.95722  1.89615  1.00000
-0.96562  1.70206  1.00000
-0.67413  1.76448  1.00000
-0.67909  1.72004  1.00000
-0.43107  1.54198  1.00000
-0.42101  1.54870  1.00000
-0.78888  1.51150  1.00000
-0.54471  1.62704  1.00000
-0.37951  1.06262  2.00000
-0.54659  1.86100  1.00000
 0.00000  0.00000  0.00000
 0.00000  0.00000  0.00000
-0.47132  1.55553  1.00000
-0.00826  0.28126  4.00000
-0.47346  1.58228  1.00000
-0.45884  1.74400  1.00000
-0.44419  1.55189  1.00000
-0.59610  1.85747  1.00000
 0.00000  0.00000  0.00000
-0.42892  1.32356  1.00000
-0.45180  1.53324  1.00000
-0.68007  1.87617  1.00000
 0.00000  0.00000  0.00000
-0.26209  0.28578  4.00000
-0.41914  1.55753  1.00000
-0.39162  1.75025  2.00000
-0.96998  1.82074  1.00000
-0.06619  0.22686  4.00000
-0.61493  1.71824  1.00000
-0.33757  0.81405  2.00000
-0.39848  1.77364  2.00000
-0.42405  1.46903  1.00000
-0.51080  1.64983  1.00000
-0.58513  1.89747  1.00000
-0.00567 -0.06854  4.00000
-0.50855  1.80739  1.00000
-0.30504  1.35715  2.00000
-0.44658  1.42620  1.00000
-0.77019  1.90887  1.00000
-0.37613  1.73450  2.00000
-0.46136  1.49784  1.00000
-0.47750  1.36498  1.00000
-0.62912  1.58691  1.00000
 0.19472 -0.20761  0.00000
 0.10723  0.07262  4.00000
-0.38922  1.46090  2.00000
-0.51829  1.55437  1.00000
-0.34948  1.12808  2.00000
-0.45315  1.54299  1.00000
-0.77635  1.61568  1.00000
-0.63704  1.65818  1.00000
-0.66033  1.69677  1.00000
-0.48704  1.47991  1.00000
-0.43189  1.57636  1.00000
-0.51728  1.85441  1.00000
-0.61494  1.88611  1.00000
-0.40556  1.65454  1.00000
-0.79486  1.33764  1.00000
-0.10203  0.19201  4.00000
-0.50122  1.71424  1.00000
 0.00000  0.00000  0.00000
-0.38029  0.21669  4.00000
-0.33105  1.06390  2.00000
-0.57469  1.66964  1.00000
-0.81753  1.76920  1.00000
-0.87417  1.80587  1.00000
-0.66838  1.26183  1.00000
-0.31974  1.30899  2.00000
-0.41120  1.13551  1.00000
 0.00000  0.00000  0.00000
-0.47320  1.72315  1.00000
-0.73657  1.84202  1.00000
-0.18343 -0.05700  0.00000
-0.38874  1.53753  2.00000
-0.35616  1.19568  2.00000
-0.43935  1.17912  1.00000
-0.43767  1.79826  1.00000
 0.00000  0.00000  0.00000
-0.38736  1.50042  2.00000
-0.44800  1.40169  1.00000
-0.19457  0.44311  4.00000
-0.46024  1.47751  1.00000
-0.63365  1.51292  1.00000
-0.47393  1.82923  1.00000
-0.44837  1.49072  1.00000
-0.49128  0.33325  4.00000
-0.46155  1.66911  1.00000
-0.39903  1.40873  2.00000
-0.65225  1.50029  1.00000
-0.42271  1.45468  1.00000
-0.53659  1.84512  1.00000
-0.12589  0.26694  4.00000
-0.32293  0.81117  2.00000
-0.54635  1.28623  1.00000
-0.53033  1.79554  1.00000
-0.30065  1.48159  2.00000
-0.43299  1.96087  1.00000
-0.72631  1.87478  1.00000
-0.86252  1.66948  1.00000
-0.44501  1.84528  1.00000
-0.56683  1.42318  1.00000
-0.34673  0.88857  2.00000
-0.61547  1.61839  1.00000
-0.54327  1.78395  1.00000
-0.44771  1.50823  1.00000
-0.49810  1.95799  1.00000
-0.54198  1.82375  1.00000
-0.39446  1.31796  2.00000
-0.59097  1.64386  1.00000
-0.40763  1.33732  1.00000
-0.65467  1.77872  1.00000
-0.52860  1.60112  1.00000
-0.44712  1.78251  1.00000
-0.42034  1.43770  1.00000
-0.36797  0.90113  2.00000
-0.45249  1.63388  1.00000
-0.46722  1.44599  1.00000
-0.50711  1.63853  1.00000
-0.58503  0.98927  1.00000
-0.35913  1.64868  2.00000
-0.34908  1.27091  2.00000
-0.53018  1.86069  1.00000
-0.63587  1.98972  1.00000
-0.27392  0.41597  4.00000
-0.25939  0.99655  2.00000
-0.34514  1.37269  2.00000
-0.43993  1.63642  1.00000
-0.26009  0.89042  2.00000
-0.52879  1.84371  1.00000
-0.47165  1.28827  1.00000
-0.49742  1.73100  1.00000
-0.37840  0.94047  2.00000
-0.43484  1.54610  1.00000
-0.86713  1.76374  1.00000
-0.48925  1.65606  1.00000
-0.36512  0.49568  3.00000
-0.41044  1.39900  1.00000
-0.61587  1.91830  1.00000
-0.27348  0.87737  2.00000
-0.45506  1.77458  1.00000
-0.49494  1.61694  1.00000
-0.46933  1.36698  1.00000
-0.50648  1.52454  1.00000
-0.93459  1.62296  1.00000
-0.45171  0.81458  1.00000
-0.40965  1.20501  1.00000
-0.42032  1.56347  1.00000
-0.01594  0.36229  4.00000
 0.00000  0.00000  0.00000
-0.34005  1.29778  2.00000
-0.42985  0.94448  1.00000
-0.45340  1.58132  1.00000
-0.39333  1.61787  2.00000
-0.48606  1.79304  1.00000
-0.30491  1.51996  2.00000
-0.25149  0.34947  4.00000
-0.20098  0.25672  4.00000
-0.48101 -0.06854  0.00000
-0.40784  1.36395  1.00000
-0.19060  1.08092  2.00000
-0.22064  0.58093  3.00000
 0.00000  0.00000  0.00000
-0.40153  1.07262  1.00000
-0.33934  0.85089  2.00000
-0.62690  1.65811  1.00000
-0.42347  1.43143  1.00000
-0.61335  1.91533  1.00000
-0.49579  1.27708  1.00000
-0.39484  1.49009  2.00000
-0.41670  1.49828  1.00000
-0.56940  1.84763  1.00000
-0.59624  1.97429  1.00000
-0.75175  1.68466  1.00000
-0.32980  1.09447  2.00000
-0.65061  1.70915  1.00000
-0.38940  1.39440  2.00000
-0.36865  1.72189  2.00000
-0.44192  1.52691  1.00000
-0.32418  0.61247  3.00000
-0.50687  0.10755  4.00000
-0.58041  1.46528  1.00000
-0.76711  1.70103  1.00000
-0.22712  1.09107  2.00000
-0.69344  1.84265  1.00000
-0.49838  1.51875  1.00000
-0.42198  1.47631  1.00000
-0.35870  1.81499  2.00000
-0.19365  0.86297  2.00000
-0.35375  1.12862  2.00000
-0.35258  1.50594  2.00000
-0.46519  1.21819  1.00000
-0.46467  1.89735  1.00000
-0.56651  1.85227  1.00000
-0.48970  1.34167  1.00000
-0.50185  1.83925  1.00000
-0.66631  1.68432  1.00000
 0.00000  0.00000  0.00000
-0.69200  1.44166  1.00000
-0.36625  1.41704  2.00000
-0.50872  1.46913  1.00000
-0.40659  1.55658  1.00000
-0.48923  1.58155  1.00000
-0.40648  1.43482  1.00000
-0.50530  1.56497  1.00000
-0.48962  1.66213  1.00000
-0.55871  1.71499  1.00000
-0.53555  1.09051  1.00000
-0.70507  1.87437  1.00000
-0.61493  1.69414  1.00000
-0.42568  1.71692  1.00000
-0.49384  1.61098  1.00000
-0.49369  0.13830  4.00000
-0.34451  1.58435  2.00000
 0.18206 -0.01144  4.00000
-0.58492  1.47183  1.00000
-0.46563  1.67757  1.00000
-0.40118  1.60985  1.00000
-0.42138  1.17595  1.00000
-0.22740  1.26160  2.00000
-0.65280  1.68179  1.00000
-0.80648  1.75431  1.00000
-0.22663  1.04064  2.00000
-0.51563  1.49678  1.00000
-0.55501  1.72319  1.00000
-0.45587  1.68798  1.00000
-0.51974  1.50409  1.00000
-0.29551  1.49339  2.00000
-0.40918  1.45065  1.00000
-0.41164  1.24895  1.00000
-0.21218 -0.10513  0.00000
-0.39210  1.63909  2.00000
-0.52461  1.37302  1.00000
-0.59048  1.65700  1.00000
-0.42525  1.51646  1.00000
-0.56083  1.66604  1.00000
-0.65569  1.90118  1.00000
-0.88721  1.50861  1.00000
-0.41252  1.28310  1.00000
-0.40887  1.29872  1.00000
-0.46792  1.96964  1.00000
-0.39434  0.97745  2.00000
-0.33460  1.82757  2.00000
-0.65168  1.87908  1.00000
-0.47864  1.92600  1.00000
-0.14063  0.58274  3.00000
-0.47143  1.45988  1.00000
-0.43108  1.72627  1.00000
-0.49652  1.80944  1.00000
-0.62814  1.54770  1.00000
-0.62432  2.02882  1.00000
-0.52138  1.38198  1.00000
-0.56663  1.79507  1.00000
-0.58497  1.90246  1.00000
-0.20904  1.22673  2.00000
-0.42125  1.45068  1.00000
-0.43447  1.47846  1.00000
-0.43059  1.47502  1.00000
-0.29051  0.98236  2.00000
-0.66650  1.57291  1.00000
-0.36467  1.56434  2.00000
-0.45433  1.81004  1.00000
-0.42115  1.78269  1.00000
-0.42754  1.73114  1.00000
-0.48206  1.63232  1.00000
-0.47783  1.77714  1.00000
-0.48333  1.69043  1.00000
-0.56652  1.54876  1.00000
-0.81804  1.43527  1.00000
-0.45697  1.66606  1.00000
-0.39588  1.38803  2.00000
-0.45398  1.57214  1.00000
-0.60899  1.69036  1.00000
-0.64781  1.72405  1.00000
 0.00000  0.00000  0.00000
-0.57569  1.62428  1.00000
 0.00000  0.00000  0.00000
-0.48001  1.68841  1.00000
-0.62022  1.69228  1.00000
-0.36855  1.70172  2.00000
-0.63097  1.72541  1.00000
-0.64527  1.64702  1.00000
-0.66199  1.70485  1.00000
-0.37901  1.37581  2.00000
-0.40252  1.52222  1.00000
-0.52430  1.69377  1.00000
-0.44774  1.20404  1.00000
-0.63517  1.18645  1.00000
 0.00000  0.00000  0.00000
-0.56615  1.62944  1.00000
-0.32908  1.23447  2.00000
-0.46110  1.59000  1.00000
-0.41933  1.48739  1.00000
-1.10639  1.57887  1.00000
-0.34865  1.20839  2.00000
-0.51165  1.39466  1.00000
-0.51380  1.61873  1.00000
-0.12099  0.13988  4.00000
-0.39100  1.54261  2.00000
-0.37346  1.43193  2.00000
-0.39131  1.50255  2.00000
-0.31821  1.60983  2.00000
-0.35437  1.25380  2.00000
-0.28676  1.28407  2.00000
-0.24683  0.16850  4.00000
-0.32019  1.13713  2.00000
-0.35422  1.07148  2.00000
-0.30057  1.16164  2.00000
-0.24062  1.06232  2.00000
-0.28266  0.81941  2.00000
-0.40580  1.94153  1.00000
-0.44656  1.54013  1.00000
-0.80100  1.79445  1.00000
-0.44930  1.16979  1.00000
-0.29521  0.85461  2.00000
-0.51687  1.55616  1.00000
-0.57008  1.91282  1.00000
-0.26847  1.35822  2.00000
-0.42411  0.90585  1.00000
-0.44568  1.67492  1.00000
 0.00000  0.00000  0.00000
-0.38979  1.51002  2.00000
-0.65123  1.48307  1.00000
-0.55880  1.69200  1.00000
 0.00000  0.00000  0.00000
-0.33811 -0.26761  0.00000
-0.62617  1.78746  1.00000
-0.47928  1.73140  1.00000
-0.51465  1.41780  1.00000
-0.45375  1.64281  1.00000
-0.52842  1.81143  1.00000
-0.29140  1.12516  2.00000
-0.01830 -0.10568  4.00000
-0.20450  1.36069  2.00000
-0.39847  1.48274  2.00000
 0.00000  0.00000  0.00000
 0.49027 -0.27984  4.00000
-0.50560  1.67530  1.00000
-0.43302  1.85631  1.00000
-0.39195  1.44125  2.00000
-0.09453  0.07225  4.00000
-0.52398 -0.19654  0.00000
 0.00000  0.00000  0.00000
-0.41787  1.41931  1.00000
-0.51424  1.06804  1.00000
-0.52645  1.71861  1.00000
-0.46232  1.73460  1.00000
-0.42610  1.56925  1.00000
-0.48216  1.77502  1.00000
-0.51033  1.64895  1.00000
-0.52933  1.81150  1.00000
-0.13716  0.21484  4.00000
-0.62664  1.41275  1.00000
-0.51535  1.51029  1.00000
-0.44207  1.63594  1.00000
-0.41009  1.56019  1.00000
-0.24577  0.29907  4.00000
 0.20429 -0.12843  4.00000
-0.35720  1.26100  2.00000
-0.31846  1.17583  2.00000
-0.11940  0.53263  3.00000
-0.15145  0.32449  4.00000
-0.27530  1.28885  2.00000
-0.40247  1.73554  1.00000
-0.43612  1.73413  1.00000
-0.43731  1.41848  1.00000
 0.00000  0.00000  0.00000
-0.31203  0.47451  4.00000
-0.47530  1.78042  1.00000
-0.46862  1.53479  1.00000
-0.61733  1.68638  1.00000
 0.31751 -0.66959  4.00000
-0.26710  1.43764  2.00000
-0.25913  1.06070  2.00000
-0.28404  1.22812  2.00000
-0.18580  0.03941  4.00000
-0.50793  1.75928  1.00000
-0.47061  1.78578  1.00000
-0.53007  1.60006  1.00000
-0.50091  1.33999  1.00000
-0.44547  1.59761  1.00000
-0.21898  1.38097  2.00000
-0.11078  0.15259  4.00000
-0.46438  1.70526  1.00000
-0.52344  1.77045  1.00000
-0.42928  1.61522  1.00000
-0.38603  1.47999  2.00000
-0.30897  0.01199  4.00000
-0.38440  1.47679  2.00000
-0.44325  1.44640  1.00000
-0.61635  1.64305  1.00000
-0.37798  1.19432  2.00000
-0.45219  1.58990  1.00000
-0.44901  1.33790  1.00000
-0.25456  0.85315  2.00000
-0.50298  1.58146  1.00000
-0.61612  1.75950  1.00000
-0.53213  1.78500  1.00000
-0.44962  1.52473  1.00000
-0.40560  1.61379  1.00000
-0.27014  0.75136  3.00000
-0.64231  1.77723  1.00000
-0.44405  1.75575  1.00000
-0.39413  1.03491  2.00000
-0.46651  1.57367  1.00000
-0.25685  1.36581  2.00000
-0.38129  1.23865  2.00000
-0.31621  1.68718  2.00000
-0.57237  1.75865  1.00000
-0.49860  1.72678  1.00000
-0.46745 -0.02780  0.00000
-0.40963  1.33290  1.00000
-0.97926  1.65841  1.00000
-0.39017  1.58516  2.00000
-0.51498  1.79827  1.00000
-0.46597  1.60822  1.00000
-0.31543  1.17032  2.00000
-0.35940  1.74912  2.00000
-0.63804  1.68529  1.00000
-0.35501  1.34433  2.00000
-0.22917  1.03214  2.00000
-0.51882  1.54326  1.00000
-0.16082  0.69011  3.00000
-0.14262  0.55991  3.00000
-0.43516  1.54715  1.00000
-0.44831  1.68134  1.00000
-0.48293  1.84565  1.00000
-0.38053  1.60727  2.00000
-0.53071  1.62282  1.00000
-0.28930  0.74570  3.00000
-0.39355  1.53681  2.00000
-0.35523  1.61826  2.00000
 0.11245  0.29070  4.00000
-0.19368  1.36273  2.00000
-0.46143  1.57481  1.00000
-0.57711  1.82783  1.00000
-0.16947  0.58001  3.00000
-0.68693  1.40715  1.00000
-0.36926  1.51970  2.00000
-0.51756  1.92527  1.00000
-0.43787  1.55035  1.00000
-0.37765  0.59306  3.00000
-0.61156  1.95975  1.00000
 0.00000  0.00000  0.00000
-0.40148  1.33068  1.00000
 0.00000  0.00000  0.00000
-0.47460  1.67560  1.00000
-0.19338  0.96619  2.00000
-0.31004  1.22063  2.00000
-0.22336  1.14928  2.00000
-0.40399  1.33983  1.00000
-0.44653  1.67855  1.00000
-0.37310  1.04328  2.00000
-0.43622  1.38787  1.00000
-0.46489  1.44240  1.00000
-0.42329  1.16705  1.00000
-0.50936  1.37219  1.00000
-0.12046  1.09381  2.00000
-0.53661  1.70711  1.00000
-0.38577  1.61271  2.00000
-0.56251  1.98965  1.00000
-0.40635  1.56342  1.00000
-0.17944  0.63669  3.00000
-0.13593  0.17056  4.00000
-0.36504  1.09854  2.00000
-0.28718  0.87529  2.00000
-0.28504  0.65446  3.00000
-0.39500  1.55514  2.00000
-0.20169  0.68440  3.00000
-0.36790  1.17840  2.00000
-0.15106  0.31576  4.00000
-0.49941  1.74880  1.00000
-0.62235  1.84557  1.00000
-0.18003  1.19376  2.00000
-0.41731  1.60923  1.00000
-0.44155  1.91478  1.00000
-0.64546  1.76241  1.00000
-0.27757  1.28140  2.00000
 0.00000  0.00000  0.00000
-0.35919  1.42983  2.00000
-0.33550  0.93807  2.00000
-0.41873  1.68767  1.00000
-0.70091  1.62498  1.00000
-0.41671  1.40488  1.00000
-0.27739  0.89448  2.00000
-0.55423  1.71873  1.00000
-0.42284  1.56515  1.00000
-0.43640  1.50121  1.00000
 0.40237  0.29070  4.00000
-0.46284  1.15388  1.00000
-0.61109  1.70079  1.00000
-0.68781  1.43846  1.00000
-0.59470  1.75245  1.00000
-0.66857  1.44807  1.00000
-0.44168  1.45180  1.00000
-0.28797  1.59291  2.00000
-0.30467  1.55608  2.00000
-0.59683  1.51673  1.00000
-0.55048  1.61542  1.00000
-0.56881  1.83744  1.00000
-0.35475  1.73061  2.00000
-0.49594  1.30615  1.00000
-0.34246  0.76767  3.00000
-0.10513  0.19201  4.00000
-0.27064  1.42474  2.00000
-0.51087  1.76699  1.00000
-0.43819  1.73573  1.00000
-0.42419  1.44602  1.00000
-0.49899  1.63668  1.00000
-0.28307  0.42226  4.00000
-0.64041  1.71892  1.00000
 0.00000  0.00000  0.00000
-0.49733  1.68627  1.00000
-0.46416  1.62651  1.00000
-0.66839  1.64265  1.00000
-0.44196  1.49468  1.00000
-0.51099  1.51017  1.00000
-0.33978  1.62499  2.00000
-0.44878  1.44844  1.00000
-0.69877  1.85266  1.00000
-0.30282  1.33634  2.00000
-0.35741  1.70489  2.00000
-0.43392  1.54067  1.00000
-0.62278  1.59844  1.00000
-0.89929  1.77914  1.00000
-0.41554  1.54625  1.00000
-0.99290  1.88376  1.00000
-0.65160  1.94657  1.00000
-0.51158  1.76557  1.00000
 0.00000  0.00000  0.00000
-0.32173  0.86635  2.00000
-0.11127  0.66885  3.00000
-0.64226  1.24812  1.00000
-0.43273  1.58917  1.00000
-0.61609  1.74947  1.00000
-0.58344  1.52554  1.00000
-0.46051  1.53872  1.00000
 0.06981  0.22037  4.00000
-0.40169  1.37803  1.00000
-0.38156  1.80956  2.00000
-0.17038  0.80787  2.00000
-0.35562  1.35635  2.00000
-0.70163  1.58752  1.00000
-0.61634  1.79467  1.00000
-0.32610  1.25127  2.00000
-0.40414  1.56983  1.00000
-0.57211  1.55446  1.00000
-0.50607  1.47529  1.00000
-0.34444  1.46511  2.00000
-1.00144  1.57129  1.00000
 0.00000  0.00000  0.00000
-0.47767  1.91818  1.00000
-0.38359  1.34790  2.00000
-0.40859  1.59671  1.00000
-0.31333  1.33636  2.00000
-0.40363  1.74690  1.00000
-0.56421  1.88288  1.00000
-0.30451  0.76253  3.00000
 0.27743 -0.13490  4.00000
-0.39841  1.58790  2.00000
-0.52988  1.70006  1.00000
-0.43890  1.59451  1.00000
-0.38530  1.78697  2.00000
-0.52301  1.57374  1.00000
 0.00000  0.00000  0.00000
-0.42546  1.52631  1.00000
-0.59353  1.71885  1.00000
-0.46131  1.71507  1.00000
-0.73476  1.74267  1.00000
-0.42756  1.56697  1.00000
-0.45317  1.43880  1.00000
-0.78504  1.74820  1.00000
-0.35658  1.47236  2.00000
-0.32622  1.05285  2.00000
-0.38391  1.27944  2.00000
-0.38038  1.57548  2.00000
-0.46822  1.04088  1.00000
-0.45478  1.18224  1.00000
-0.35963  1.38741  2.00000
-0.01808  0.42797  4.00000
-0.93958  1.99099  1.00000
-0.39444  1.59250  2.00000
-0.16125  0.90822  2.00000
-0.42336  1.74632  1.00000
-0.53952  1.79197  1.00000
-0.42055  1.36680  1.00000
-0.45905  1.56833  1.00000
-0.30158  0.87489  2.00000
-0.42427  1.38570  1.00000
-0.41116  1.47644  1.00000
-0.41698  1.27667  1.00000
-0.47463  1.52749  1.00000
-0.06068  0.69940  3.00000
-0.31457  1.49911  2.00000
-0.32837  1.25331  2.00000
-0.33496  1.13739  2.00000
-0.32590  0.90569  2.00000
-0.63701  0.93842  1.00000
-0.45403  1.88651  1.00000
-0.55143  1.84594  1.00000
-0.45570  1.51220  1.00000
-0.80135  1.79174  1.00000
-0.46077  1.61279  1.00000
-0.36255  1.00676  2.00000
-0.38673  0.91740  2.00000
-0.47053  1.58468  1.00000
-0.39984  1.35062  2.00000
-0.56009  1.65625  1.00000
-0.59369  1.59962  1.00000
-0.42656  1.49893  1.00000
-0.25969  0.83276  2.00000
-0.54208  1.63591  1.00000
-0.65915  1.75234  1.00000
-0.30722  1.08909  2.00000
-0.50137  1.58049  1.00000
-0.22273  0.93044  2.00000
-0.43447  1.72631  1.00000
-0.33787  1.14731  2.00000
-0.46162  1.73895  1.00000
-0.39196  1.57212  2.00000
-0.29208  1.32547  2.00000
-0.45923  1.54528  1.00000
-0.82531  1.99472  1.00000
-0.50728  1.80078  1.00000
 0.37761  0.07700  4.00000
-0.43061  1.26888  1.00000
-0.60051  1.63771  1.00000
 0.07998  0.15746  4.00000
-0.38032  1.57326  2.00000
-0.31515  1.40138  2.00000
-0.69131  1.60736  1.00000
-0.43690  1.74981  1.00000
-0.32830  1.20431  2.00000
-0.41675  1.44329  1.00000
-0.62486  1.75059  1.00000
-0.04900  0.41347  4.00000
-0.50016  1.69974  1.00000
-0.28568  1.24895  2.00000
-0.86324  1.78783  1.00000
-0.22416  0.69914  3.00000
-0.12645  0.23223  4.00000
-0.36447  1.51949  2.00000
-0.04080  0.24353  4.00000
-0.29912  1.03890  2.00000
-0.74630  1.18372  1.00000
-0.43611  1.57285  1.00000
-0.53505  1.50399  1.00000
-0.21398  0.58984  3.00000
-0.63446  1.64009  1.00000
-0.45300  1.82124  1.00000
-0.43062  1.79426  1.00000
-0.44962  1.53669  1.00000
-0.47429  1.50004  1.00000
-0.42056  1.47429  1.00000
-0.44521  1.58165  1.00000
-0.07008  0.81776  2.00000
-0.60434  1.76087  1.00000
-0.42086  1.53131  1.00000
-0.45027  1.32305  1.00000
 0.00000  0.00000  0.00000
-1.07930  2.05536  1.00000
-0.35720  1.23842  2.00000
-0.40842  1.07166  1.00000
-0.42740  1.67562  1.00000
-0.28366  0.72973  3.00000
-0.30384  1.14965  2.00000
-0.52409  1.32605  1.00000
-0.37209  1.19667  2.00000
-0.51524  1.59288  1.00000
-0.19736 -0.47496  4.00000
-0.61033  1.78703  1.00000
-0.46466  1.56773  1.00000
-0.40017  0.87187  1.00000
-0.52318  1.06175  1.00000
-0.35968  1.50486  2.00000
 0.00000  0.00000  0.00000
-0.39677  1.50839  2.00000
-0.23666  0.26741  4.00000
-0.41884  1.43498  1.00000
-0.10899  0.30856  4.00000
-0.48513  1.38982  1.00000
-0.47598  1.51395  1.00000
-0.42416  1.28269  1.00000
-0.55416  1.66813  1.00000
-0.39655  1.74830  2.00000
-0.44281  1.34481  1.00000
-0.46290  1.83191  1.00000
-0.52136  1.68961  1.00000
-0.33047  1.00813  2.00000
-0.52928  1.57251  1.00000
-0.03663  0.92737  2.00000
-0.51458  1.58251  1.00000
-0.28376  1.59011  2.00000
-0.35309  1.22958  2.00000
-0.47010  1.61421  1.00000
-0.57677  1.60858  1.00000
-0.59877  1.51782  1.00000
-0.50432  1.73729  1.00000
-0.37573  1.06878  2.00000
-0.29159  1.25205  2.00000
-0.43787  1.57753  1.00000
-0.40820  1.60469  1.00000
-0.50953  1.76552  1.00000
-0.44939  1.47072  1.00000
-0.68515  1.66873  1.00000
-0.19234  0.54020  3.00000
-0.54279  1.58900  1.00000
-0.46458  1.82643  1.00000
-0.52932  1.59377  1.00000
-0.70239  1.80348  1.00000
-0.68356  1.59477  1.00000
-0.16720  1.31944  2.00000
-0.74713  1.95177  1.00000
-0.48114  1.55484  1.00000
-0.65144  1.70848  1.00000
-0.61804  1.48897  1.00000
-0.66643  1.63715  1.00000
-0.13047  0.84311  2.00000
-0.18450  0.92516  2.00000
 0.00000  0.00000  0.00000
-0.46741  1.63875  1.00000
-0.48079  1.51060  1.00000
-0.40046  1.46199  1.00000
-0.28009  1.09677  2.00000
-0.43574  1.24765  1.00000
-0.34079  1.26972  2.00000
 0.00783  0.34025  4.00000
